<?xml version="1.0"?>
<opencv_storage>
<image_width>320</image_width>
<image_height>240</image_height>
<camera_matrix type_id="opencv-matrix">
  <rows>3</rows>
  <cols>3</cols>
  <dt>d</dt>
  <data>
    1.9788454551435541e+02 0. 1.5950000000000000e+02 0.
    2.0061571068586343e+02 1.1950000000000000e+02 0. 0. 1.</data></camera_matrix>
<distorion_coeffs type_id="opencv-matrix">
  <rows>1</rows>
  <cols>5</cols>
  <dt>d</dt>
  <data>
    -3.6096536469989671e-01 1.4122719644008766e-01 0. 0.
    -2.3826932035373446e-02</data></distorion_coeffs>
</opencv_storage>
