<?xml version="1.0"?>
<opencv_storage>
<image_width>320</image_width>
<image_height>240</image_height>
<camera_matrix type_id="opencv-matrix">
  <rows>3</rows>
  <cols>3</cols>
  <dt>d</dt>
  <data>
    1.9841821011636713e+02 0. 1.5950000000000000e+02 0.
    2.0042603284701775e+02 1.1950000000000000e+02 0. 0. 1.</data></camera_matrix>
<diftortion_coefficients type_id="opencv-matrix">
  <rows>1</rows>
  <cols>5</cols>
  <dt>d</dt>
  <data>
    -3.9816884071081710e-01 2.0721940561421212e-01 0. 0.
    -6.0674109307314275e-02</data></diftortion_coefficients>
</opencv_storage>
