<?xml version="1.0"?>
<opencv_storage>
<image_width>320</image_width>
<image_height>240</image_height>
<camera_matrix type_id="opencv-matrix">
  <rows>3</rows>
  <cols>3</cols>
  <dt>d</dt>
  <data>
    2.0075285814667569e+02 0. 1.5950000000000000e+02 0.
    2.0417078389061589e+02 1.1950000000000000e+02 0. 0. 1.</data></camera_matrix>
<diftortion_coefficients type_id="opencv-matrix">
  <rows>1</rows>
  <cols>5</cols>
  <dt>d</dt>
  <data>
    -3.5794503603226269e-01 1.3074348109879147e-01 0. 0.
    -1.6878720513619803e-02</data></diftortion_coefficients>
</opencv_storage>
